 # Tablefiles for nrel5MW                                                                                   
 # Table 1: Distribution table                                                                                                  
 # Assigns the airfoils 1-8 to positions along the blade          
 # Pos1[m] Pos2[m] no.atPos1 no.atPos2                                                       
  0.0   1.5  0  0
  1.5   5.6  1  1
  5.6   8.3  1  2
  8.3  11.8  2  3
 11.8  15.9  3  4
 15.9  20.0  4  4
 20.0  24.0  4  5
 24.0  28.2  5  6
 28.2  32.3  6  6
 32.3  36.4  6  7
 36.4  40.5  7  7
 40.5  44.5  7  8
 44.5  63.0  8  8
 #                                                                                                   
 # Table 2: Layout file                                                                                                  
 # Physical layout of the blade                                                                                                  
 # Pos[m] twist[deg] chord[m]                                                                                              
  0.0 13.308  3.542
  2.9 13.308  3.542
  5.6 13.308  3.854
  8.3 13.308  4.167
 11.8 13.308  4.557
 15.9 11.480  4.652
 20.0 10.162  4.458
 24.1  9.011  4.249
 28.2  7.795  4.007
 32.3  6.544  3.748
 36.4  5.361  3.502
 40.5  4.188  3.256
 44.6  3.125  3.010
 48.7  2.319  2.764
 52.8  1.526  2.518
 56.2  0.863  2.313
 58.9  0.370  2.086
 61.6  0.106  1.419
 63.0  0.106  1.419
 # 
 # Table 3: Lift and drag coefficients for airfoils 1-8  
 # alpha   C_l_1   C_d_1   C_l_2   C_d_2   C_l_3   C_d_3   C_l_4   C_d_4   C_l_5   C_d_5   C_l_6   C_d_6   C_l_7   C_d_7   C_l_8   C_d_8
 #
-180.00   0.000  0.5000   0.000  0.3500   0.000  0.0602   0.000  0.0407   0.000  0.0267   0.000  0.0202   0.000  0.0185   0.000  0.0198
-175.00   0.000  0.5000   0.000  0.3500   0.218  0.0699   0.223  0.0507   0.274  0.0370   0.368  0.0324   0.394  0.0332   0.374  0.0341
-170.00   0.000  0.5000   0.000  0.3500   0.397  0.1107   0.405  0.1055   0.547  0.0968   0.735  0.0943   0.788  0.0945   0.749  0.0955
-160.00   0.000  0.5000   0.000  0.3500   0.642  0.3045   0.658  0.2982   0.685  0.2876   0.695  0.2848   0.670  0.2909   0.659  0.2807
-155.00   0.000  0.5000   0.000  0.3500   0.715  0.4179   0.733  0.4121   0.766  0.4025   0.777  0.4001   0.749  0.3932   0.736  0.3919
-150.00   0.000  0.5000   0.000  0.3500   0.757  0.5355   0.778  0.5308   0.816  0.5232   0.828  0.5215   0.797  0.5112   0.783  0.5086
-145.00   0.000  0.5000   0.000  0.3500   0.772  0.6535   0.795  0.6503   0.836  0.6454   0.850  0.6447   0.818  0.6309   0.803  0.6267
-140.00   0.000  0.5000   0.000  0.3500   0.762  0.7685   0.787  0.7672   0.832  0.7656   0.846  0.7660   0.813  0.7485   0.798  0.7427
-135.00   0.000  0.5000   0.000  0.3500   0.731  0.8777   0.757  0.8785   0.804  0.8807   0.818  0.8823   0.786  0.8612   0.771  0.8537
-130.00   0.000  0.5000   0.000  0.3500   0.680  0.9788   0.708  0.9819   0.756  0.9882   0.771  0.9911   0.739  0.9665   0.724  0.9574
-125.00   0.000  0.5000   0.000  0.3500   0.613  1.0700   0.641  1.0756   0.690  1.0861   0.705  1.0905   0.675  1.0625   0.660  1.0519
-120.00   0.000  0.5000   0.000  0.3500   0.532  1.1499   0.560  1.1580   0.609  1.1730   0.624  1.1787   0.596  1.1476   0.581  1.1355
-115.00   0.000  0.5000   0.000  0.3500   0.439  1.2174   0.467  1.2280   0.515  1.2474   0.530  1.2545   0.505  1.2206   0.491  1.2070
-110.00   0.000  0.5000   0.000  0.3500   0.337  1.2716   0.365  1.2847   0.411  1.3084   0.426  1.3168   0.403  1.2805   0.390  1.3656
-105.00   0.000  0.5000   0.000  0.3500   0.228  1.3118   0.255  1.3274   0.300  1.3552   0.314  1.3650   0.294  1.3265   0.282  1.3104
-100.00   0.000  0.5000   0.000  0.3500   0.114  1.3378   0.139  1.3557   0.182  1.3875   0.195  1.3984   0.179  1.3582   0.169  1.3410
 -95.00   0.000  0.5000   0.000  0.3500  -0.002  1.3492   0.021  1.3692   0.061  1.4048   0.073  1.4169   0.060  1.3752   0.052  1.3572
 -90.00   0.000  0.5000   0.000  0.3500  -0.120  1.3460  -0.098  1.3680  -0.061  1.4070  -0.050  1.4201  -0.060  1.3774  -0.067  1.3587
 -85.00   0.000  0.5000   0.000  0.3500  -0.236  1.3283  -0.216  1.3521  -0.183  1.3941  -0.173  1.4081  -0.179  1.3648  -0.184  1.3456
 -80.00   0.000  0.5000   0.000  0.3500  -0.349  1.2964  -0.331  1.3218  -0.302  1.3664  -0.294  1.3811  -0.295  1.3376  -0.299  1.3181
 -75.00   0.000  0.5000   0.000  0.3500  -0.456  1.2507  -0.441  1.2773  -0.416  1.3240  -0.409  1.3394  -0.407  1.2962  -0.409  1.2765
 -70.00   0.000  0.5000   0.000  0.3500  -0.557  1.1918  -0.544  1.2193  -0.523  1.2676  -0.518  1.2833  -0.512  1.2409  -0.512  1.2212
 -65.00   0.000  0.5000   0.000  0.3500  -0.647  1.1204  -0.638  1.1486  -0.622  1.1978  -0.617  1.2138  -0.608  1.1725  -0.606  1.1532
 -60.00   0.000  0.5000   0.000  0.3500  -0.727  1.0376  -0.720  1.0660  -0.708  1.1156  -0.706  1.1315  -0.693  1.0919  -0.689  1.0731
 -55.00   0.000  0.5000   0.000  0.3500  -0.792  0.9446  -0.788  0.9728  -0.781  1.0220  -0.780  1.0378  -0.764  1.0002  -0.759  0.9822
 -50.00   0.000  0.5000   0.000  0.3500  -0.842  0.8429  -0.840  0.8705  -0.838  0.9187  -0.839  0.9341  -0.820  0.8990  -0.814  0.8820
 -45.00   0.000  0.5000   0.000  0.3500  -0.874  0.7345  -0.875  0.7611  -0.877  0.8074  -0.879  0.8221  -0.857  0.7900  -0.850  0.7742
 -40.00   0.000  0.5000   0.000  0.3500  -0.886  0.6215  -0.889  0.6466  -0.895  0.6904  -0.898  0.7042  -0.875  0.6754  -0.866  0.6610
 -35.00   0.000  0.5000   0.000  0.3500  -0.875  0.5067  -0.880  0.5299  -0.889  0.5703  -0.893  0.5829  -0.869  0.5579  -0.860  0.5451
 -30.00   0.000  0.5000   0.000  0.3500  -0.839  0.3932  -0.846  0.4141  -0.858  0.4503  -0.862  0.4616  -0.838  0.4405  -0.829  0.4295
 -25.00   0.000  0.5000   0.000  0.3500  -0.777  0.2849  -0.784  0.3030  -0.832  0.3357  -0.803  0.3441  -0.791  0.3256  -0.853  0.3071
 -24.00   0.000  0.5000   0.000  0.3500  -0.761  0.2642  -0.768  0.2817  -0.852  0.3147  -0.792  0.3209  -0.794  0.3013  -0.870  0.2814
 -23.00   0.000  0.5000   0.000  0.3500  -0.744  0.2440  -0.751  0.2608  -0.882  0.2946  -0.789  0.2972  -0.805  0.2762  -0.890  0.2556
 -22.00   0.000  0.5000   0.000  0.3500  -0.725  0.2242  -0.733  0.2404  -0.919  0.2752  -0.792  0.2730  -0.821  0.2506  -0.911  0.2297
 -21.00   0.000  0.5000   0.000  0.3500  -0.706  0.2049  -0.714  0.2205  -0.963  0.2566  -0.801  0.2485  -0.843  0.2246  -0.934  0.2040
 -20.00   0.000  0.5000   0.000  0.3500  -0.685  0.1861  -0.693  0.2011  -1.013  0.2388  -0.815  0.2237  -0.869  0.1983  -0.958  0.1785
 -19.00   0.000  0.5000   0.000  0.3500  -0.662  0.1687  -0.671  0.1822  -1.067  0.2218  -0.833  0.1990  -0.899  0.1720  -0.982  0.1534
 -18.00   0.000  0.5000   0.000  0.3500  -0.635  0.1533  -0.648  0.1640  -1.125  0.2056  -0.854  0.1743  -0.931  0.1457  -1.005  0.1288
 -17.00   0.000  0.5000   0.000  0.3500  -0.605  0.1398  -0.624  0.1465  -1.185  0.1901  -0.879  0.1498  -0.964  0.1197  -1.082  0.1037
 -16.00   0.000  0.5000   0.000  0.3500  -0.571  0.1281  -0.601  0.1300  -1.245  0.1754  -0.905  0.1256  -0.999  0.0940  -1.113  0.0786
 -15.25   0.000  0.5000   0.000  0.3500  -0.543  0.1208  -0.585  0.1170  -1.290  0.1649  -0.925  0.1080  -1.025  0.0751  -1.107  0.0598
 -15.00   0.000  0.5000   0.000  0.3500  -0.534  0.1183  -0.579  0.1145  -1.275  0.1570  -0.932  0.1020  -1.033  0.0689  -1.105  0.0535
 -14.50   0.000  0.5000   0.000  0.3500  -0.514  0.1142  -0.569  0.1070  -1.245  0.1498  -0.945  0.0905  -1.050  0.0567  -1.092  0.0404
 -14.24   0.000  0.5000   0.000  0.3500  -0.504  0.1121  -0.564  0.1034  -1.229  0.1461  -0.952  0.0847  -1.040  0.0536  -1.085  0.0343
 -14.00   0.000  0.5000   0.000  0.3500  -0.494  0.1101  -0.559  0.1000  -1.212  0.1412  -0.959  0.0789  -1.030  0.0508  -1.078  0.0283
 -13.50   0.000  0.5000   0.000  0.3500  -0.473  0.1069  -0.549  0.0932  -1.172  0.1320  -0.972  0.0678  -1.010  0.0449  -1.053  0.0158
 -13.24   0.000  0.5000   0.000  0.3500  -0.462  0.1052  -0.544  0.0899  -1.148  0.1263  -0.979  0.0622  -1.000  0.0420  -1.034  0.0153
 -13.00   0.000  0.5000   0.000  0.3500  -0.452  0.1036  -0.539  0.0867  -1.127  0.1210  -0.985  0.0567  -0.990  0.0390  -1.015  0.0151
 -12.22   0.000  0.5000   0.000  0.3500  -0.418  0.0998  -0.524  0.0769  -1.052  0.1051  -0.960  0.0336  -0.960  0.0296  -0.927  0.0138
 -12.01   0.000  0.5000   0.000  0.3500  -0.408  0.0987  -0.519  0.0745  -1.035  0.1004  -0.953  0.0271  -0.953  0.0271  -0.905  0.0134
 -12.00   0.000  0.5000   0.000  0.3500  -0.407  0.0986  -0.519  0.0744  -1.034  0.1003  -0.952  0.0271  -0.952  0.0271  -0.904  0.0134
 -11.22   0.000  0.5000   0.000  0.3500  -0.370  0.0959  -0.504  0.0657  -0.965  0.0888  -0.911  0.0295  -0.910  0.0293  -0.829  0.0124
 -11.00   0.000  0.5000   0.000  0.3500  -0.360  0.0951  -0.499  0.0633  -0.943  0.0854  -0.900  0.0303  -0.900  0.0303  -0.807  0.0121
 -10.19   0.000  0.5000   0.000  0.3500  -0.320  0.0935  -0.483  0.0553  -0.867  0.0740  -0.842  0.0291  -0.844  0.0291  -0.731  0.0113
 -10.00   0.000  0.5000   0.000  0.3500  -0.311  0.0931  -0.480  0.0534  -0.846  0.0710  -0.828  0.0288  -0.829  0.0287  -0.711  0.0111
  -9.98   0.000  0.5000   0.000  0.3500  -0.310  0.0931  -0.480  0.0534  -0.845  0.0709  -0.827  0.0287  -0.827  0.0287  -0.708  0.0111
  -9.70   0.000  0.5000   0.000  0.3500  -0.295  0.0931  -0.469  0.0537  -0.822  0.0684  -0.806  0.0283  -0.784  0.0273  -0.678  0.0108
  -9.18   0.000  0.5000   0.000  0.3500  -0.269  0.0931  -0.432  0.0545  -0.769  0.0604  -0.767  0.0275  -0.700  0.0221  -0.615  0.0101
  -9.00   0.000  0.5000   0.000  0.3500  -0.260  0.0931  -0.420  0.0550  -0.765  0.0554  -0.754  0.0271  -0.671  0.0204  -0.595  0.0099
  -8.98   0.000  0.5000   0.000  0.3500  -0.259  0.0930  -0.419  0.0551  -0.765  0.0551  -0.753  0.0271  -0.668  0.0201  -0.593  0.0099
  -8.47   0.000  0.5000   0.000  0.3500  -0.233  0.0930  -0.378  0.0570  -0.759  0.0370  -0.691  0.0264  -0.580  0.0156  -0.534  0.0095
  -8.18   0.000  0.5000   0.000  0.3500  -0.218  0.0930  -0.346  0.0582  -0.756  0.0270  -0.648  0.0218  -0.546  0.0132  -0.498  0.0093
  -8.12   0.000  0.5000   0.000  0.3500  -0.214  0.0930  -0.341  0.0585  -0.753  0.0265  -0.640  0.0209  -0.536  0.0124  -0.491  0.0092
  -8.00   0.000  0.5000   0.000  0.3500  -0.208  0.0930  -0.330  0.0590  -0.745  0.0255  -0.625  0.0192  -0.520  0.0120  -0.478  0.0091
  -7.62   0.000  0.5000   0.000  0.3500  -0.190  0.0915  -0.298  0.0610  -0.724  0.0221  -0.580  0.0140  -0.467  0.0109  -0.441  0.0091
  -7.45   0.000  0.5000   0.000  0.3500  -0.182  0.0885  -0.283  0.0617  -0.714  0.0208  -0.555  0.0114  -0.444  0.0103  -0.429  0.0091
  -7.19   0.000  0.5000   0.000  0.3500  -0.169  0.0847  -0.245  0.0633  -0.690  0.0180  -0.508  0.0105  -0.403  0.0095  -0.404  0.0092
  -7.11   0.000  0.5000   0.000  0.3500  -0.165  0.0825  -0.234  0.0637  -0.681  0.0178  -0.496  0.0103  -0.393  0.0092  -0.393  0.0092
  -7.00   0.000  0.5000   0.000  0.3500  -0.160  0.0800  -0.220  0.0643  -0.666  0.0175  -0.483  0.0100  -0.386  0.0089  -0.375  0.0086
  -6.65   0.000  0.5000   0.000  0.3500  -0.142  0.0741  -0.178  0.0659  -0.616  0.0166  -0.441  0.0096  -0.327  0.0084  -0.336  0.0085
  -6.60   0.000  0.5000   0.000  0.3500  -0.140  0.0735  -0.172  0.0661  -0.609  0.0164  -0.435  0.0096  -0.323  0.0083  -0.331  0.0085
  -6.50   0.000  0.5000   0.000  0.3500  -0.135  0.0726  -0.160  0.0666  -0.595  0.0161  -0.422  0.0095  -0.311  0.0089  -0.320  0.0084
  -6.42   0.000  0.5000   0.000  0.3500  -0.131  0.0720  -0.151  0.0670  -0.585  0.0158  -0.413  0.0094  -0.300  0.0087  -0.310  0.0084
  -6.13   0.000  0.5000   0.000  0.3500  -0.117  0.0696  -0.120  0.0683  -0.542  0.0152  -0.371  0.0092  -0.261  0.0083  -0.278  0.0083
  -6.00   0.000  0.5000   0.000  0.3500  -0.111  0.0689  -0.111  0.0689  -0.525  0.0117  -0.355  0.0091  -0.245  0.0082  -0.264  0.0082
  -5.54   0.000  0.5000   0.000  0.3500  -0.092  0.0620  -0.385  0.0245  -0.454  0.0106  -0.291  0.0087  -0.183  0.0075  -0.213  0.0081
  -5.50   0.000  0.5000   0.000  0.3500  -0.090  0.0614  -0.384  0.0244  -0.451  0.0105  -0.285  0.0087  -0.178  0.0074  -0.208  0.0081
  -5.40   0.000  0.5000   0.000  0.3500  -0.086  0.0599  -0.378  0.0240  -0.444  0.0103  -0.271  0.0086  -0.165  0.0073  -0.196  0.0080
  -5.04   0.000  0.5000   0.000  0.3500  -0.073  0.0550  -0.359  0.0225  -0.385  0.0097  -0.225  0.0074  -0.118  0.0069  -0.156  0.0079
  -5.00   0.000  0.5000   0.000  0.3500  -0.072  0.0547  -0.359  0.0224  -0.382  0.0097  -0.220  0.0073  -0.113  0.0069  -0.151  0.0079
  -4.54   0.000  0.5000   0.000  0.3500  -0.066  0.0484  -0.360  0.0196  -0.317  0.0092  -0.158  0.0071  -0.053  0.0065  -0.089  0.0076
  -4.50   0.000  0.5000   0.000  0.3500  -0.065  0.0480  -0.360  0.0195  -0.314  0.0092  -0.152  0.0071  -0.048  0.0065  -0.084  0.0076
  -4.04   0.000  0.5000   0.000  0.3500  -0.055  0.0415  -0.355  0.0175  -0.254  0.0091  -0.090  0.0070   0.011  0.0063  -0.022  0.0072
  -4.00   0.000  0.5000   0.000  0.3500  -0.054  0.0411  -0.353  0.0174  -0.251  0.0091  -0.084  0.0070   0.016  0.0063  -0.017  0.0072
  -3.54   0.000  0.5000   0.000  0.3500  -0.020  0.0354  -0.307  0.0162  -0.192  0.0089  -0.023  0.0069   0.075  0.0061   0.031  0.0068
  -3.50   0.000  0.5000   0.000  0.3500  -0.017  0.0349  -0.304  0.0161  -0.189  0.0089  -0.018  0.0069   0.080  0.0061   0.035  0.0068
  -3.04   0.000  0.5000   0.000  0.3500   0.002  0.0303  -0.246  0.0144  -0.123  0.0089   0.044  0.0068   0.140  0.0058   0.084  0.0064
  -3.00   0.000  0.5000   0.000  0.3500   0.003  0.0299  -0.240  0.0240  -0.120  0.0089   0.049  0.0068   0.145  0.0058   0.088  0.0064
  -2.50   0.000  0.5000   0.000  0.3500   0.014  0.0255  -0.163  0.0188  -0.051  0.0088   0.115  0.0068   0.208  0.0057   0.150  0.0059
  -2.00   0.000  0.5000   0.000  0.3500   0.009  0.0198  -0.091  0.0160   0.017  0.0088   0.181  0.0068   0.270  0.0057   0.213  0.0054
  -1.50   0.000  0.5000   0.000  0.3500   0.004  0.0164  -0.019  0.0137   0.085  0.0088   0.247  0.0067   0.333  0.0057   0.270  0.0053
  -1.00   0.000  0.5000   0.000  0.3500   0.036  0.0147   0.052  0.0118   0.152  0.0088   0.312  0.0067   0.396  0.0057   0.328  0.0052
  -0.50   0.000  0.5000   0.000  0.3500   0.073  0.0137   0.121  0.0104   0.219  0.0088   0.377  0.0067   0.458  0.0057   0.385  0.0052
   0.00   0.000  0.5000   0.000  0.3500   0.137  0.0113   0.196  0.0094   0.288  0.0087   0.444  0.0065   0.521  0.0057   0.442  0.0052
   0.50   0.000  0.5000   0.000  0.3500   0.213  0.0114   0.265  0.0096   0.354  0.0087   0.508  0.0065   0.583  0.0057   0.499  0.0052
   1.00   0.000  0.5000   0.000  0.3500   0.292  0.0118   0.335  0.0098   0.421  0.0088   0.573  0.0066   0.645  0.0058   0.556  0.0052
   1.50   0.000  0.5000   0.000  0.3500   0.369  0.0122   0.404  0.0099   0.487  0.0089   0.636  0.0067   0.706  0.0058   0.613  0.0052
   2.00   0.000  0.5000   0.000  0.3500   0.444  0.0124   0.472  0.0100   0.554  0.0090   0.701  0.0068   0.768  0.0059   0.670  0.0053
   2.50   0.000  0.5000   0.000  0.3500   0.514  0.0124   0.540  0.0102   0.619  0.0091   0.765  0.0069   0.828  0.0061   0.727  0.0053
   3.00   0.000  0.5000   0.000  0.3500   0.580  0.0123   0.608  0.0103   0.685  0.0092   0.827  0.0070   0.888  0.0063   0.784  0.0053
   3.50   0.000  0.5000   0.000  0.3500   0.645  0.0120   0.674  0.0104   0.749  0.0093   0.890  0.0071   0.948  0.0066   0.841  0.0054
   4.00   0.000  0.5000   0.000  0.3500   0.710  0.0119   0.742  0.0105   0.815  0.0095   0.952  0.0073   0.996  0.0071   0.898  0.0054
   4.50   0.000  0.5000   0.000  0.3500   0.776  0.0122   0.809  0.0107   0.879  0.0096   1.013  0.0076   1.046  0.0079   0.955  0.0056
   5.00   0.000  0.5000   0.000  0.3500   0.841  0.0125   0.875  0.0108   0.944  0.0097   1.062  0.0079   1.095  0.0090   1.011  0.0058
   5.50   0.000  0.5000   0.000  0.3500   0.904  0.0129   0.941  0.0109   1.008  0.0099   1.111  0.0089   1.145  0.0103   1.057  0.0074
   6.00   0.000  0.5000   0.000  0.3500   0.967  0.0135   1.007  0.0110   1.072  0.0101   1.161  0.0099   1.192  0.0113   1.103  0.0091
   6.50   0.000  0.5000   0.000  0.3500   1.027  0.0144   1.071  0.0113   1.135  0.0103   1.208  0.0117   1.239  0.0122   1.041  0.0102
   7.00   0.000  0.5000   0.000  0.3500   1.084  0.0158   1.134  0.0115   1.197  0.0107   1.254  0.0132   1.282  0.0131   1.181  0.0113
   7.50   0.000  0.5000   0.000  0.3500   1.140  0.0174   1.198  0.0117   1.256  0.0112   1.301  0.0143   1.324  0.0139   1.219  0.0119
   8.00   0.000  0.5000   0.000  0.3500   1.193  0.0198   1.260  0.0120   1.305  0.0125   1.336  0.0153   1.358  0.0147   1.257  0.0124
   8.50   0.000  0.5000   0.000  0.3500   1.242  0.0231   1.318  0.0126   1.348  0.0140   1.369  0.0165   1.385  0.0158   1.293  0.0130
   9.00   0.000  0.5000   0.000  0.3500   1.287  0.0275   1.368  0.0133   1.390  0.0155   1.400  0.0181   1.403  0.0181   1.326  0.0136
   9.50   0.000  0.5000   0.000  0.3500   1.333  0.0323   1.422  0.0143   1.424  0.0171   1.428  0.0211   1.401  0.0211   1.356  0.0143
  10.00   0.000  0.5000   0.000  0.3500   1.368  0.0393   1.475  0.0156   1.458  0.0192   1.442  0.0262   1.358  0.0255   1.382  0.0150
  10.50   0.000  0.5000   0.000  0.3500   1.400  0.0475   1.523  0.0174   1.488  0.0219   1.427  0.0336   1.313  0.0301   1.400  0.0267
  11.00   0.000  0.5000   0.000  0.3500   1.425  0.0580   1.570  0.0194   1.512  0.0255   1.374  0.0420   1.287  0.0347   1.415  0.0383
  11.50   0.000  0.5000   0.000  0.3500   1.449  0.0691   1.609  0.0227   1.533  0.0307   1.316  0.0515   1.274  0.0401   1.425  0.0498
  12.00   0.000  0.5000   0.000  0.3500   1.473  0.0816   1.642  0.0269   1.549  0.0370   1.277  0.0601   1.272  0.0468   1.434  0.0613
  12.50   0.000  0.5000   0.000  0.3500   1.494  0.0973   1.675  0.0319   1.558  0.0452   1.250  0.0693   1.273  0.0545   1.443  0.0727
  13.00   0.000  0.5000   0.000  0.3500   1.513  0.1129   1.700  0.0398   1.470  0.0630   1.246  0.0785   1.273  0.0633   1.451  0.0841
  13.50   0.000  0.5000   0.000  0.3500   1.538  0.1288   1.717  0.0488   1.398  0.0784   1.247  0.0888   1.273  0.0722   1.453  0.0954
  14.00   0.000  0.5000   0.000  0.3500   1.563  0.1462   1.712  0.0614   1.354  0.0931   1.256  0.1000   1.272  0.0806   1.448  0.1065
  14.50   0.000  0.5000   0.000  0.3500   1.587  0.1650   1.703  0.0786   1.336  0.1081   1.260  0.1108   1.273  0.0900   1.444  0.1176
  15.00   0.000  0.5000   0.000  0.3500   1.614  0.1845   1.692  0.0968   1.333  0.1239   1.271  0.1219   1.275  0.0987   1.445  0.1287
  15.50   0.000  0.5000   0.000  0.3500   1.631  0.2052   1.671  0.1173   1.326  0.1415   1.281  0.1325   1.281  0.1075   1.447  0.1398
  16.00   0.000  0.5000   0.000  0.3500   1.649  0.2250   1.649  0.1377   1.329  0.1592   1.289  0.1433   1.284  0.1170   1.448  0.1509
  16.50   0.000  0.5000   0.000  0.3500   1.666  0.2467   1.621  0.1600   1.326  0.1743   1.294  0.1541   1.296  0.1270   1.444  0.1619
  17.00   0.000  0.5000   0.000  0.3500   1.681  0.2684   1.598  0.1814   1.321  0.1903   1.304  0.1649   1.306  0.1368   1.438  0.1728
  17.50   0.000  0.5000   0.000  0.3500   1.699  0.2900   1.571  0.2042   1.331  0.2044   1.309  0.1754   1.308  0.1464   1.439  0.1837
  18.00   0.000  0.5000   0.000  0.3500   1.719  0.3121   1.549  0.2316   1.333  0.2186   1.315  0.1845   1.308  0.1562   1.448  0.1947
  18.50   0.000  0.5000   0.000  0.3500   1.735  0.3335   1.545  0.2516   1.340  0.2324   1.320  0.1953   1.308  0.1664   1.452  0.2057
  19.00   0.000  0.5000   0.000  0.3500   1.751  0.3554   1.544  0.2719   1.362  0.2455   1.330  0.2061   1.308  0.1770   1.448  0.2165
  19.50   0.000  0.5000   0.000  0.3500   1.767  0.3783   1.549  0.2906   1.382  0.2584   1.343  0.2170   1.307  0.1878   1.438  0.2272
  20.00   0.000  0.5000   0.000  0.3500   1.782  0.4000   1.565  0.3085   1.398  0.2689   1.354  0.2280   1.311  0.1987   1.428  0.2379
  20.50   0.000  0.5000   0.000  0.3500   1.798  0.4212   1.565  0.3265   1.426  0.2814   1.359  0.2390   1.325  0.2100   1.415  0.2485
  21.00   0.000  0.5000   0.000  0.3500   1.810  0.4415   1.565  0.3447   1.437  0.2943   1.360  0.2536   1.324  0.2214   1.401  0.2590
  22.00   0.000  0.5000   0.000  0.3500   1.830  0.4830   1.563  0.3820   1.418  0.3246   1.325  0.2814   1.277  0.2499   1.359  0.2799
  23.00   0.000  0.5000   0.000  0.3500   1.847  0.5257   1.558  0.4203   1.397  0.3557   1.288  0.3098   1.229  0.2786   1.300  0.3004
  24.00   0.000  0.5000   0.000  0.3500   1.861  0.5694   1.552  0.4593   1.376  0.3875   1.251  0.3386   1.182  0.3077   1.220  0.3204
  25.00   0.000  0.5000   0.000  0.3500   1.872  0.6141   1.546  0.4988   1.354  0.4198   1.215  0.3678   1.136  0.3371   1.168  0.3377
  26.00   0.000  0.5000   0.000  0.3500   1.881  0.6593   1.539  0.5387   1.332  0.4524   1.181  0.3972   1.093  0.3664   1.116  0.3554
  28.00   0.000  0.5000   0.000  0.3500   1.894  0.7513   1.527  0.6187   1.293  0.5183   1.120  0.4563   1.017  0.4246   1.015  0.3916
  30.00   0.000  0.5000   0.000  0.3500   1.904  0.8441   1.522  0.6978   1.265  0.5843   1.076  0.5149   0.962  0.4813   0.926  0.4294
  32.00   0.000  0.5000   0.000  0.3500   1.915  0.9364   1.529  0.7747   1.253  0.6492   1.056  0.5720   0.937  0.5356   0.855  0.4690
  35.00   0.000  0.5000   0.000  0.3500   1.929  1.0722   1.544  0.8869   1.264  0.7438   1.066  0.6548   0.947  0.6127   0.800  0.5324
  40.00   0.000  0.5000   0.000  0.3500   1.903  1.2873   1.529  1.0671   1.258  0.8970   1.064  0.7901   0.950  0.7396   0.804  0.6452
  45.00   0.000  0.5000   0.000  0.3500   1.820  1.4796   1.471  1.2319   1.217  1.0402   1.035  0.9190   0.928  0.8623   0.793  0.7573
  50.00   0.000  0.5000   0.000  0.3500   1.690  1.6401   1.376  1.3747   1.146  1.1686   0.980  1.0378   0.884  0.9781   0.763  0.8664
  55.00   0.000  0.5000   0.000  0.3500   1.522  1.7609   1.249  1.4899   1.049  1.2779   0.904  1.1434   0.821  1.0846   0.717  0.9708
  60.00   0.000  0.5000   0.000  0.3500   1.323  1.8360   1.097  1.5728   0.932  1.3647   0.810  1.2333   0.740  1.1796   0.656  1.0693
  65.00   0.000  0.5000   0.000  0.3500   1.106  1.8614   0.928  1.6202   0.799  1.4267   0.702  1.3055   0.646  1.2617   0.582  1.1606
  70.00   0.000  0.5000   0.000  0.3500   0.880  1.8347   0.750  1.6302   0.657  1.4621   0.582  1.3587   0.540  1.3297   0.495  1.2438
  75.00   0.000  0.5000   0.000  0.3500   0.658  1.7567   0.570  1.6031   0.509  1.4708   0.456  1.3922   0.425  1.3827   0.398  1.3178
  80.00   0.000  0.5000   0.000  0.3500   0.449  1.6334   0.396  1.5423   0.362  1.4544   0.326  1.4063   0.304  1.4202   0.291  1.3809
  85.00   0.000  0.5000   0.000  0.3500   0.267  1.4847   0.237  1.4598   0.221  1.4196   0.197  1.4042   0.179  1.4423   0.176  1.4304
  90.00   0.000  0.5000   0.000  0.3500   0.124  1.3879   0.101  1.4041   0.092  1.3938   0.072  1.3985   0.053  1.4512   0.053  1.4565
  95.00   0.000  0.5000   0.000  0.3500   0.002  1.3912  -0.022  1.4053  -0.030  1.3943  -0.050  1.3973  -0.073  1.4480  -0.074  1.4533
 100.00   0.000  0.5000   0.000  0.3500  -0.118  1.3795  -0.143  1.3914  -0.150  1.3798  -0.170  1.3810  -0.198  1.4294  -0.199  1.4345
 105.00   0.000  0.5000   0.000  0.3500  -0.235  1.3528  -0.261  1.3625  -0.267  1.3504  -0.287  1.3498  -0.319  1.3954  -0.321  1.4004
 110.00   0.000  0.5000   0.000  0.3500  -0.348  1.3114  -0.374  1.3188  -0.379  1.3063  -0.399  1.3041  -0.434  1.3464  -0.436  1.3512
 115.00   0.000  0.5000   0.000  0.3500  -0.453  1.2557  -0.480  1.2608  -0.483  1.2481  -0.502  1.2442  -0.541  1.2829  -0.543  1.2874
 120.00   0.000  0.5000   0.000  0.3500  -0.549  1.1864  -0.575  1.1891  -0.578  1.1763  -0.596  1.1709  -0.637  1.2057  -0.640  1.2099
 125.00   0.000  0.5000   0.000  0.3500  -0.633  1.1041  -0.659  1.1046  -0.660  1.0919  -0.677  1.0852  -0.720  1.1157  -0.723  1.1196
 130.00   0.000  0.5000   0.000  0.3500  -0.702  1.0102  -0.727  1.0086  -0.727  0.9962  -0.743  0.9883  -0.787  1.0144  -0.790  1.0179
 135.00   0.000  0.5000   0.000  0.3500  -0.754  0.9060  -0.778  0.9025  -0.777  0.8906  -0.792  0.8818  -0.836  0.9033  -0.840  0.9064
 140.00   0.000  0.5000   0.000  0.3500  -0.787  0.7935  -0.809  0.7883  -0.807  0.7771  -0.821  0.7676  -0.864  0.7845  -0.868  0.7871
 145.00   0.000  0.5000   0.000  0.3500  -0.797  0.6750  -0.818  0.6684  -0.815  0.6581  -0.826  0.6481  -0.869  0.6605  -0.872  0.6627
 150.00   0.000  0.5000   0.000  0.3500  -0.782  0.5532  -0.800  0.5457  -0.797  0.5364  -0.806  0.5264  -0.847  0.5346  -0.850  0.5363
 155.00   0.000  0.5000   0.000  0.3500  -0.739  0.4318  -0.754  0.4236  -0.750  0.4157  -0.758  0.4060  -0.795  0.4103  -0.798  0.4116
 160.00   0.000  0.5000   0.000  0.3500  -0.664  0.3147  -0.677  0.3066  -0.673  0.3000  -0.679  0.2912  -0.711  0.2922  -0.714  0.2931
 170.00   0.000  0.5000   0.000  0.3500  -0.410  0.1144  -0.417  0.1085  -0.547  0.1051  -0.735  0.0995  -0.788  0.0969  -0.749  0.0971
 175.00   0.000  0.5000   0.000  0.3500  -0.226  0.0702  -0.229  0.0510  -0.274  0.0388  -0.368  0.0356  -0.394  0.0334  -0.374  0.0334
 180.00   0.000  0.5000   0.000  0.3500   0.000  0.0602   0.000  0.0407   0.000  0.0267   0.000  0.0202   0.000  0.0185   0.000  0.0198